
Office
    Median approximation:
        THRESHOLD: 50
        P: 0.996064555858645
        R: 0.8603932102566808
        F1: 0.9232714004923676

    Median:
        THRESHOLD: 50
        P: 0.996064555858645
        R: 0.8603932102566808
        F1: 0.9232714004923676

    ViBE:
        N = 20
        R = 20
        NR_MIN = 2
        PHI = 16
        P: 0.9813597241175019
        R: 0.9178352567074722
        F1: 0.9485351039802169

Highway:
    Median:
        P: 0.958827463458512
        R: 0.6712345335286358
        F1: 0.7896608918661807

    Median approximation:
        P: 0.906160960116545
        R: 0.752085152976678
        F1: 0.8219650857971674

        Krzysiu boii
        P: 0.9798144097455458
        R: 0.6599117100943153
        F1: 0.7886573189105296

        THRESHOLD: 40
        MEDIAN_BLUR: 1x
        ERODE: 2x
        DILATE: 3x
        P: 0.9280092839221438
        R: 0.8152798101398129
        F1: 0.8679997315203073

    GMM:
        history=500,
        varThreshold=16,
        detectShadows=False
        learningRate=-1
        P: 0.9683263759614141
        R: 0.8962526619022982
        F1: 0.9308965449273251